2021/04/27-18:49:04.701448 70000934c000 RocksDB version: 6.18.0
2021/04/27-18:49:04.701586 70000934c000 Compile date 2021-03-17 22:22:44
2021/04/27-18:49:04.701618 70000934c000 DB SUMMARY
2021/04/27-18:49:04.701621 70000934c000 DB Session ID:  I5QEGXDI3P0BJPQ71BXG
2021/04/27-18:49:04.701766 70000934c000 CURRENT file:  CURRENT
2021/04/27-18:49:04.701768 70000934c000 IDENTITY file:  IDENTITY
2021/04/27-18:49:04.701775 70000934c000 MANIFEST file:  MANIFEST-000573 size: 1133 Bytes
2021/04/27-18:49:04.701776 70000934c000 SST files in db dir, Total Num: 1, files: 000592.sst 
2021/04/27-18:49:04.701777 70000934c000 Write Ahead Log file in db: 000590.log size: 37388962 ; 
2021/04/27-18:49:04.701786 70000934c000                         Options.error_if_exists: 0
2021/04/27-18:49:04.701787 70000934c000                       Options.create_if_missing: 1
2021/04/27-18:49:04.701788 70000934c000                         Options.paranoid_checks: 1
2021/04/27-18:49:04.701789 70000934c000                               Options.track_and_verify_wals_in_manifest: 0
2021/04/27-18:49:04.701789 70000934c000                                     Options.env: 0x125159ba8
2021/04/27-18:49:04.701791 70000934c000                                      Options.fs: Posix File System
2021/04/27-18:49:04.701792 70000934c000                                Options.info_log: 0x7f87b34341d0
2021/04/27-18:49:04.701792 70000934c000                Options.max_file_opening_threads: 16
2021/04/27-18:49:04.701793 70000934c000                              Options.statistics: 0x0
2021/04/27-18:49:04.701794 70000934c000                               Options.use_fsync: 0
2021/04/27-18:49:04.701794 70000934c000                       Options.max_log_file_size: 0
2021/04/27-18:49:04.701795 70000934c000                  Options.max_manifest_file_size: 1073741824
2021/04/27-18:49:04.701796 70000934c000                   Options.log_file_time_to_roll: 0
2021/04/27-18:49:04.701796 70000934c000                       Options.keep_log_file_num: 1000
2021/04/27-18:49:04.701797 70000934c000                    Options.recycle_log_file_num: 0
2021/04/27-18:49:04.701797 70000934c000                         Options.allow_fallocate: 1
2021/04/27-18:49:04.701798 70000934c000                        Options.allow_mmap_reads: 0
2021/04/27-18:49:04.701799 70000934c000                       Options.allow_mmap_writes: 0
2021/04/27-18:49:04.701799 70000934c000                        Options.use_direct_reads: 0
2021/04/27-18:49:04.701800 70000934c000                        Options.use_direct_io_for_flush_and_compaction: 0
2021/04/27-18:49:04.701801 70000934c000          Options.create_missing_column_families: 0
2021/04/27-18:49:04.701801 70000934c000                              Options.db_log_dir: 
2021/04/27-18:49:04.701802 70000934c000                                 Options.wal_dir: db
2021/04/27-18:49:04.701803 70000934c000                Options.table_cache_numshardbits: 6
2021/04/27-18:49:04.701803 70000934c000                         Options.WAL_ttl_seconds: 0
2021/04/27-18:49:04.701804 70000934c000                       Options.WAL_size_limit_MB: 0
2021/04/27-18:49:04.701805 70000934c000                        Options.max_write_batch_group_size_bytes: 1048576
2021/04/27-18:49:04.701805 70000934c000             Options.manifest_preallocation_size: 4194304
2021/04/27-18:49:04.701806 70000934c000                     Options.is_fd_close_on_exec: 1
2021/04/27-18:49:04.701807 70000934c000                   Options.advise_random_on_open: 1
2021/04/27-18:49:04.701807 70000934c000                    Options.db_write_buffer_size: 0
2021/04/27-18:49:04.701808 70000934c000                    Options.write_buffer_manager: 0x7f87b3433ab0
2021/04/27-18:49:04.701809 70000934c000         Options.access_hint_on_compaction_start: 1
2021/04/27-18:49:04.701809 70000934c000  Options.new_table_reader_for_compaction_inputs: 0
2021/04/27-18:49:04.701810 70000934c000           Options.random_access_max_buffer_size: 1048576
2021/04/27-18:49:04.701811 70000934c000                      Options.use_adaptive_mutex: 0
2021/04/27-18:49:04.701811 70000934c000                            Options.rate_limiter: 0x0
2021/04/27-18:49:04.701842 70000934c000     Options.sst_file_manager.rate_bytes_per_sec: 0
2021/04/27-18:49:04.701843 70000934c000                       Options.wal_recovery_mode: 2
2021/04/27-18:49:04.701843 70000934c000                  Options.enable_thread_tracking: 0
2021/04/27-18:49:04.701844 70000934c000                  Options.enable_pipelined_write: 0
2021/04/27-18:49:04.701845 70000934c000                  Options.unordered_write: 0
2021/04/27-18:49:04.701845 70000934c000         Options.allow_concurrent_memtable_write: 1
2021/04/27-18:49:04.701846 70000934c000      Options.enable_write_thread_adaptive_yield: 1
2021/04/27-18:49:04.701846 70000934c000             Options.write_thread_max_yield_usec: 100
2021/04/27-18:49:04.701847 70000934c000            Options.write_thread_slow_yield_usec: 3
2021/04/27-18:49:04.701848 70000934c000                               Options.row_cache: None
2021/04/27-18:49:04.701848 70000934c000                              Options.wal_filter: None
2021/04/27-18:49:04.701849 70000934c000             Options.avoid_flush_during_recovery: 0
2021/04/27-18:49:04.701850 70000934c000             Options.allow_ingest_behind: 0
2021/04/27-18:49:04.701850 70000934c000             Options.preserve_deletes: 0
2021/04/27-18:49:04.701851 70000934c000             Options.two_write_queues: 0
2021/04/27-18:49:04.701852 70000934c000             Options.manual_wal_flush: 0
2021/04/27-18:49:04.701852 70000934c000             Options.atomic_flush: 0
2021/04/27-18:49:04.701853 70000934c000             Options.avoid_unnecessary_blocking_io: 0
2021/04/27-18:49:04.701854 70000934c000                 Options.persist_stats_to_disk: 0
2021/04/27-18:49:04.701854 70000934c000                 Options.write_dbid_to_manifest: 0
2021/04/27-18:49:04.701855 70000934c000                 Options.log_readahead_size: 0
2021/04/27-18:49:04.701856 70000934c000                 Options.file_checksum_gen_factory: Unknown
2021/04/27-18:49:04.701857 70000934c000                 Options.best_efforts_recovery: 0
2021/04/27-18:49:04.701857 70000934c000                Options.max_bgerror_resume_count: 2147483647
2021/04/27-18:49:04.701858 70000934c000            Options.bgerror_resume_retry_interval: 1000000
2021/04/27-18:49:04.701859 70000934c000             Options.allow_data_in_errors: 0
2021/04/27-18:49:04.701859 70000934c000             Options.db_host_id: __hostname__
2021/04/27-18:49:04.701860 70000934c000             Options.max_background_jobs: 2
2021/04/27-18:49:04.701860 70000934c000             Options.max_background_compactions: -1
2021/04/27-18:49:04.701861 70000934c000             Options.max_subcompactions: 1
2021/04/27-18:49:04.701862 70000934c000             Options.avoid_flush_during_shutdown: 0
2021/04/27-18:49:04.701862 70000934c000           Options.writable_file_max_buffer_size: 1048576
2021/04/27-18:49:04.701863 70000934c000             Options.delayed_write_rate : 16777216
2021/04/27-18:49:04.701864 70000934c000             Options.max_total_wal_size: 0
2021/04/27-18:49:04.701865 70000934c000             Options.delete_obsolete_files_period_micros: 21600000000
2021/04/27-18:49:04.701865 70000934c000                   Options.stats_dump_period_sec: 600
2021/04/27-18:49:04.701866 70000934c000                 Options.stats_persist_period_sec: 600
2021/04/27-18:49:04.701867 70000934c000                 Options.stats_history_buffer_size: 1048576
2021/04/27-18:49:04.701867 70000934c000                          Options.max_open_files: -1
2021/04/27-18:49:04.701868 70000934c000                          Options.bytes_per_sync: 0
2021/04/27-18:49:04.701868 70000934c000                      Options.wal_bytes_per_sync: 0
2021/04/27-18:49:04.701869 70000934c000                   Options.strict_bytes_per_sync: 0
2021/04/27-18:49:04.701870 70000934c000       Options.compaction_readahead_size: 0
2021/04/27-18:49:04.701870 70000934c000                  Options.max_background_flushes: -1
2021/04/27-18:49:04.701871 70000934c000 Compression algorithms supported:
2021/04/27-18:49:04.701872 70000934c000 	kZSTD supported: 0
2021/04/27-18:49:04.701884 70000934c000 	kZlibCompression supported: 1
2021/04/27-18:49:04.701886 70000934c000 	kXpressCompression supported: 0
2021/04/27-18:49:04.701886 70000934c000 	kSnappyCompression supported: 0
2021/04/27-18:49:04.701887 70000934c000 	kZSTDNotFinalCompression supported: 0
2021/04/27-18:49:04.701888 70000934c000 	kLZ4HCCompression supported: 0
2021/04/27-18:49:04.701889 70000934c000 	kLZ4Compression supported: 0
2021/04/27-18:49:04.701890 70000934c000 	kBZip2Compression supported: 1
2021/04/27-18:49:04.701895 70000934c000 Fast CRC32 supported: Supported on x86
2021/04/27-18:49:04.702356 70000934c000 [/version_set.cc:4591] Recovering from manifest file: db/MANIFEST-000573
2021/04/27-18:49:04.702480 70000934c000 [/column_family.cc:598] --------------- Options for column family [default]:
2021/04/27-18:49:04.702483 70000934c000               Options.comparator: leveldb.BytewiseComparator
2021/04/27-18:49:04.702484 70000934c000           Options.merge_operator: None
2021/04/27-18:49:04.702485 70000934c000        Options.compaction_filter: None
2021/04/27-18:49:04.702486 70000934c000        Options.compaction_filter_factory: None
2021/04/27-18:49:04.702486 70000934c000  Options.sst_partitioner_factory: None
2021/04/27-18:49:04.702487 70000934c000         Options.memtable_factory: SkipListFactory
2021/04/27-18:49:04.702488 70000934c000            Options.table_factory: BlockBasedTable
2021/04/27-18:49:04.702504 70000934c000            table_factory options:   flush_block_policy_factory: FlushBlockBySizePolicyFactory (0x7f87b342f4c0)
  cache_index_and_filter_blocks: 0
  cache_index_and_filter_blocks_with_high_priority: 1
  pin_l0_filter_and_index_blocks_in_cache: 0
  pin_top_level_index_and_filter: 1
  index_type: 0
  data_block_index_type: 0
  index_shortening: 1
  data_block_hash_table_util_ratio: 0.750000
  hash_index_allow_collision: 1
  checksum: 1
  no_block_cache: 0
  block_cache: 0x7f87b34331a8
  block_cache_name: LRUCache
  block_cache_options:
    capacity : 8388608
    num_shard_bits : 4
    strict_capacity_limit : 0
    memory_allocator : None
    high_pri_pool_ratio: 0.000
  block_cache_compressed: 0x0
  persistent_cache: 0x0
  block_size: 4096
  block_size_deviation: 10
  block_restart_interval: 16
  index_block_restart_interval: 1
  metadata_block_size: 4096
  partition_filters: 0
  use_delta_encoding: 1
  filter_policy: nullptr
  whole_key_filtering: 1
  verify_compression: 0
  read_amp_bytes_per_bit: 0
  format_version: 5
  enable_index_compression: 1
  block_align: 0
2021/04/27-18:49:04.702507 70000934c000        Options.write_buffer_size: 67108864
2021/04/27-18:49:04.702508 70000934c000  Options.max_write_buffer_number: 2
2021/04/27-18:49:04.702509 70000934c000          Options.compression: NoCompression
2021/04/27-18:49:04.702510 70000934c000                  Options.bottommost_compression: Disabled
2021/04/27-18:49:04.702510 70000934c000       Options.prefix_extractor: nullptr
2021/04/27-18:49:04.702511 70000934c000   Options.memtable_insert_with_hint_prefix_extractor: nullptr
2021/04/27-18:49:04.702512 70000934c000             Options.num_levels: 7
2021/04/27-18:49:04.702512 70000934c000        Options.min_write_buffer_number_to_merge: 1
2021/04/27-18:49:04.702513 70000934c000     Options.max_write_buffer_number_to_maintain: 0
2021/04/27-18:49:04.702514 70000934c000     Options.max_write_buffer_size_to_maintain: 0
2021/04/27-18:49:04.702514 70000934c000            Options.bottommost_compression_opts.window_bits: -14
2021/04/27-18:49:04.702515 70000934c000                  Options.bottommost_compression_opts.level: 32767
2021/04/27-18:49:04.702516 70000934c000               Options.bottommost_compression_opts.strategy: 0
2021/04/27-18:49:04.702516 70000934c000         Options.bottommost_compression_opts.max_dict_bytes: 0
2021/04/27-18:49:04.702517 70000934c000         Options.bottommost_compression_opts.zstd_max_train_bytes: 0
2021/04/27-18:49:04.702518 70000934c000         Options.bottommost_compression_opts.parallel_threads: 1
2021/04/27-18:49:04.702518 70000934c000                  Options.bottommost_compression_opts.enabled: false
2021/04/27-18:49:04.702544 70000934c000         Options.bottommost_compression_opts.max_dict_buffer_bytes: 0
2021/04/27-18:49:04.702545 70000934c000            Options.compression_opts.window_bits: -14
2021/04/27-18:49:04.702546 70000934c000                  Options.compression_opts.level: 32767
2021/04/27-18:49:04.702547 70000934c000               Options.compression_opts.strategy: 0
2021/04/27-18:49:04.702547 70000934c000         Options.compression_opts.max_dict_bytes: 0
2021/04/27-18:49:04.702548 70000934c000         Options.compression_opts.zstd_max_train_bytes: 0
2021/04/27-18:49:04.702548 70000934c000         Options.compression_opts.parallel_threads: 1
2021/04/27-18:49:04.702549 70000934c000                  Options.compression_opts.enabled: false
2021/04/27-18:49:04.702550 70000934c000         Options.compression_opts.max_dict_buffer_bytes: 0
2021/04/27-18:49:04.702550 70000934c000      Options.level0_file_num_compaction_trigger: 4
2021/04/27-18:49:04.702551 70000934c000          Options.level0_slowdown_writes_trigger: 20
2021/04/27-18:49:04.702552 70000934c000              Options.level0_stop_writes_trigger: 36
2021/04/27-18:49:04.702552 70000934c000                   Options.target_file_size_base: 67108864
2021/04/27-18:49:04.702553 70000934c000             Options.target_file_size_multiplier: 1
2021/04/27-18:49:04.702554 70000934c000                Options.max_bytes_for_level_base: 268435456
2021/04/27-18:49:04.702554 70000934c000 Options.level_compaction_dynamic_level_bytes: 0
2021/04/27-18:49:04.702555 70000934c000          Options.max_bytes_for_level_multiplier: 10.000000
2021/04/27-18:49:04.702556 70000934c000 Options.max_bytes_for_level_multiplier_addtl[0]: 1
2021/04/27-18:49:04.702557 70000934c000 Options.max_bytes_for_level_multiplier_addtl[1]: 1
2021/04/27-18:49:04.702557 70000934c000 Options.max_bytes_for_level_multiplier_addtl[2]: 1
2021/04/27-18:49:04.702558 70000934c000 Options.max_bytes_for_level_multiplier_addtl[3]: 1
2021/04/27-18:49:04.702559 70000934c000 Options.max_bytes_for_level_multiplier_addtl[4]: 1
2021/04/27-18:49:04.702559 70000934c000 Options.max_bytes_for_level_multiplier_addtl[5]: 1
2021/04/27-18:49:04.702560 70000934c000 Options.max_bytes_for_level_multiplier_addtl[6]: 1
2021/04/27-18:49:04.702564 70000934c000       Options.max_sequential_skip_in_iterations: 8
2021/04/27-18:49:04.702564 70000934c000                    Options.max_compaction_bytes: 1677721600
2021/04/27-18:49:04.702565 70000934c000                        Options.arena_block_size: 8388608
2021/04/27-18:49:04.702566 70000934c000   Options.soft_pending_compaction_bytes_limit: 68719476736
2021/04/27-18:49:04.702566 70000934c000   Options.hard_pending_compaction_bytes_limit: 274877906944
2021/04/27-18:49:04.702567 70000934c000       Options.rate_limit_delay_max_milliseconds: 100
2021/04/27-18:49:04.702568 70000934c000                Options.disable_auto_compactions: 0
2021/04/27-18:49:04.702569 70000934c000                        Options.compaction_style: kCompactionStyleLevel
2021/04/27-18:49:04.702570 70000934c000                          Options.compaction_pri: kMinOverlappingRatio
2021/04/27-18:49:04.702570 70000934c000 Options.compaction_options_universal.size_ratio: 1
2021/04/27-18:49:04.702571 70000934c000 Options.compaction_options_universal.min_merge_width: 2
2021/04/27-18:49:04.702571 70000934c000 Options.compaction_options_universal.max_merge_width: 4294967295
2021/04/27-18:49:04.702572 70000934c000 Options.compaction_options_universal.max_size_amplification_percent: 200
2021/04/27-18:49:04.702573 70000934c000 Options.compaction_options_universal.compression_size_percent: -1
2021/04/27-18:49:04.702574 70000934c000 Options.compaction_options_universal.stop_style: kCompactionStopStyleTotalSize
2021/04/27-18:49:04.702575 70000934c000 Options.compaction_options_fifo.max_table_files_size: 1073741824
2021/04/27-18:49:04.702575 70000934c000 Options.compaction_options_fifo.allow_compaction: 0
2021/04/27-18:49:04.702584 70000934c000                   Options.table_properties_collectors: 
2021/04/27-18:49:04.702595 70000934c000                   Options.inplace_update_support: 0
2021/04/27-18:49:04.702596 70000934c000                 Options.inplace_update_num_locks: 10000
2021/04/27-18:49:04.702596 70000934c000               Options.memtable_prefix_bloom_size_ratio: 0.000000
2021/04/27-18:49:04.702597 70000934c000               Options.memtable_whole_key_filtering: 0
2021/04/27-18:49:04.702598 70000934c000   Options.memtable_huge_page_size: 0
2021/04/27-18:49:04.702599 70000934c000                           Options.bloom_locality: 0
2021/04/27-18:49:04.702599 70000934c000                    Options.max_successive_merges: 0
2021/04/27-18:49:04.702600 70000934c000                Options.optimize_filters_for_hits: 0
2021/04/27-18:49:04.702600 70000934c000                Options.paranoid_file_checks: 0
2021/04/27-18:49:04.702601 70000934c000                Options.force_consistency_checks: 1
2021/04/27-18:49:04.702602 70000934c000                Options.report_bg_io_stats: 0
2021/04/27-18:49:04.702602 70000934c000                               Options.ttl: 2592000
2021/04/27-18:49:04.702603 70000934c000          Options.periodic_compaction_seconds: 0
2021/04/27-18:49:04.702603 70000934c000                    Options.enable_blob_files: false
2021/04/27-18:49:04.702604 70000934c000                        Options.min_blob_size: 0
2021/04/27-18:49:04.702605 70000934c000                       Options.blob_file_size: 268435456
2021/04/27-18:49:04.702605 70000934c000                Options.blob_compression_type: NoCompression
2021/04/27-18:49:04.702606 70000934c000       Options.enable_blob_garbage_collection: false
2021/04/27-18:49:04.702607 70000934c000   Options.blob_garbage_collection_age_cutoff: 0.250000
2021/04/27-18:49:04.703250 70000934c000 [/version_set.cc:4639] Recovered from manifest file:db/MANIFEST-000573 succeeded,manifest_file_number is 573, next_file_number is 594, last_sequence is 1674249, log_number is 590,prev_log_number is 0,max_column_family is 0,min_log_number_to_keep is 0
2021/04/27-18:49:04.703255 70000934c000 [/version_set.cc:4648] Column family [default] (ID 0), log number is 590
2021/04/27-18:49:04.703954 70000934c000 [/version_set.cc:4119] Creating manifest 594
2021/04/27-18:49:04.705639 70000934c000 EVENT_LOG_v1 {"time_micros": 1619520544705617, "job": 1, "event": "recovery_started", "wal_files": [590]}
2021/04/27-18:49:04.705647 70000934c000 [/db_impl/db_impl_open.cc:851] Recovering log #590 mode 2
2021/04/27-18:49:04.746368 70000934c000 [DEBUG] [/db_impl/db_impl_open.cc:1319] [default] [WriteLevel0TableForRecovery] Level-0 table #595: started
2021/04/27-18:49:04.748025 70000934c000 EVENT_LOG_v1 {"time_micros": 1619520544747998, "cf_name": "default", "job": 1, "event": "table_file_creation", "file_number": 595, "file_size": 123389, "file_checksum": "", "file_checksum_func_name": "Unknown", "table_properties": {"data_size": 122295, "index_size": 215, "index_partitions": 0, "top_level_index_size": 0, "index_key_is_user_key": 1, "index_value_is_delta_encoded": 1, "filter_size": 0, "raw_key_size": 12118, "raw_average_key_size": 24, "raw_value_size": 115035, "raw_average_value_size": 236, "num_data_blocks": 9, "num_entries": 486, "num_deletions": 0, "num_merge_operands": 0, "num_range_deletions": 0, "format_version": 0, "fixed_key_len": 0, "filter_policy": "", "column_family_name": "default", "column_family_id": 0, "comparator": "leveldb.BytewiseComparator", "merge_operator": "nullptr", "prefix_extractor_name": "nullptr", "property_collectors": "[]", "compression": "NoCompression", "compression_options": "window_bits=-14; level=32767; strategy=0; max_dict_bytes=0; zstd_max_train_bytes=0; enabled=0; max_dict_buffer_bytes=0; ", "creation_time": 1619520544, "oldest_key_time": 0, "file_creation_time": 0, "db_id": "1676197e78cf36d3-5c4f876739c79dfc", "db_session_id": "I5QEGXDI3P0BJPQ71BXG"}}
2021/04/27-18:49:04.748048 70000934c000 [DEBUG] [/db_impl/db_impl_open.cc:1373] [default] [WriteLevel0TableForRecovery] Level-0 table #595: 123389 bytes OK
2021/04/27-18:49:04.751437 70000934c000 [/version_set.cc:4119] Creating manifest 596
2021/04/27-18:49:04.752678 70000934c000 EVENT_LOG_v1 {"time_micros": 1619520544752671, "job": 1, "event": "recovery_finished"}
2021/04/27-18:49:04.753080 70000934c000 [DEBUG] [/db_impl/db_impl_files.cc:337] [JOB 2] Delete db/MANIFEST-000594 type=3 #594 -- OK
2021/04/27-18:49:04.753208 70000934c000 [DEBUG] [/db_impl/db_impl_files.cc:337] [JOB 2] Delete db/MANIFEST-000573 type=3 #573 -- OK
2021/04/27-18:49:04.759519 70000934c000 [le/delete_scheduler.cc:77] Deleted file db/000590.log immediately, rate_bytes_per_sec 0, total_trash_size 0 max_trash_db_ratio 0.250000
2021/04/27-18:49:04.759543 70000934c000 [DEBUG] [/db_impl/db_impl_files.cc:337] [JOB 2] Delete db/000590.log type=0 #590 -- OK
2021/04/27-18:49:04.761813 70000934c000 [/db_impl/db_impl_open.cc:1714] SstFileManager instance 0x7f87b3434340
2021/04/27-18:49:04.761948 70000934c000 DB pointer 0x7f87b388a400
2021/04/27-18:49:04.762305 70000b563000 [/db_impl/db_impl.cc:928] ------- DUMPING STATS -------
2021/04/27-18:49:04.762312 70000b563000 [/db_impl/db_impl.cc:929] 
** DB Stats **
Uptime(secs): 0.1 total, 0.1 interval
Cumulative writes: 0 writes, 0 keys, 0 commit groups, 0.0 writes per commit group, ingest: 0.00 GB, 0.00 MB/s
Cumulative WAL: 0 writes, 0 syncs, 0.00 writes per sync, written: 0.00 GB, 0.00 MB/s
Cumulative stall: 00:00:0.000 H:M:S, 0.0 percent
Interval writes: 0 writes, 0 keys, 0 commit groups, 0.0 writes per commit group, ingest: 0.00 MB, 0.00 MB/s
Interval WAL: 0 writes, 0 syncs, 0.00 writes per sync, written: 0.00 MB, 0.00 MB/s
Interval stall: 00:00:0.000 H:M:S, 0.0 percent

** Compaction Stats [default] **
Level    Files   Size     Score Read(GB)  Rn(GB) Rnp1(GB) Write(GB) Wnew(GB) Moved(GB) W-Amp Rd(MB/s) Wr(MB/s) Comp(sec) CompMergeCPU(sec) Comp(cnt) Avg(sec) KeyIn KeyDrop Rblob(GB) Wblob(GB)
------------------------------------------------------------------------------------------------------------------------------------------------------------------------------------------------
  L0      1/0   120.50 KB   0.2      0.0     0.0      0.0       0.0      0.0       0.0   1.0      0.0     69.1      0.00              0.00         1    0.002       0      0       0.0       0.0
  L1      1/0   263.04 KB   0.0      0.0     0.0      0.0       0.0      0.0       0.0   0.0      0.0      0.0      0.00              0.00         0    0.000       0      0       0.0       0.0
 Sum      2/0   383.54 KB   0.0      0.0     0.0      0.0       0.0      0.0       0.0   1.0      0.0     69.1      0.00              0.00         1    0.002       0      0       0.0       0.0
 Int      0/0    0.00 KB   0.0      0.0     0.0      0.0       0.0      0.0       0.0   1.0      0.0     69.1      0.00              0.00         1    0.002       0      0       0.0       0.0

** Compaction Stats [default] **
Priority    Files   Size     Score Read(GB)  Rn(GB) Rnp1(GB) Write(GB) Wnew(GB) Moved(GB) W-Amp Rd(MB/s) Wr(MB/s) Comp(sec) CompMergeCPU(sec) Comp(cnt) Avg(sec) KeyIn KeyDrop Rblob(GB) Wblob(GB)
---------------------------------------------------------------------------------------------------------------------------------------------------------------------------------------------------
User      0/0    0.00 KB   0.0      0.0     0.0      0.0       0.0      0.0       0.0   0.0      0.0     69.1      0.00              0.00         1    0.002       0      0       0.0       0.0

Blob file count: 0, total size: 0.0 GB

Uptime(secs): 0.1 total, 0.1 interval
Flush(GB): cumulative 0.000, interval 0.000
AddFile(GB): cumulative 0.000, interval 0.000
AddFile(Total Files): cumulative 0, interval 0
AddFile(L0 Files): cumulative 0, interval 0
AddFile(Keys): cumulative 0, interval 0
Cumulative compaction: 0.00 GB write, 1.97 MB/s write, 0.00 GB read, 0.00 MB/s read, 0.0 seconds
Interval compaction: 0.00 GB write, 1.97 MB/s write, 0.00 GB read, 0.00 MB/s read, 0.0 seconds
Stalls(count): 0 level0_slowdown, 0 level0_slowdown_with_compaction, 0 level0_numfiles, 0 level0_numfiles_with_compaction, 0 stop for pending_compaction_bytes, 0 slowdown for pending_compaction_bytes, 0 memtable_compaction, 0 memtable_slowdown, interval 0 total count

** File Read Latency Histogram By Level [default] **

** Compaction Stats [default] **
Level    Files   Size     Score Read(GB)  Rn(GB) Rnp1(GB) Write(GB) Wnew(GB) Moved(GB) W-Amp Rd(MB/s) Wr(MB/s) Comp(sec) CompMergeCPU(sec) Comp(cnt) Avg(sec) KeyIn KeyDrop Rblob(GB) Wblob(GB)
------------------------------------------------------------------------------------------------------------------------------------------------------------------------------------------------
  L0      1/0   120.50 KB   0.2      0.0     0.0      0.0       0.0      0.0       0.0   1.0      0.0     69.1      0.00              0.00         1    0.002       0      0       0.0       0.0
  L1      1/0   263.04 KB   0.0      0.0     0.0      0.0       0.0      0.0       0.0   0.0      0.0      0.0      0.00              0.00         0    0.000       0      0       0.0       0.0
 Sum      2/0   383.54 KB   0.0      0.0     0.0      0.0       0.0      0.0       0.0   1.0      0.0     69.1      0.00              0.00         1    0.002       0      0       0.0       0.0
 Int      0/0    0.00 KB   0.0      0.0     0.0      0.0       0.0      0.0       0.0   0.0      0.0      0.0      0.00              0.00         0    0.000       0      0       0.0       0.0

** Compaction Stats [default] **
Priority    Files   Size     Score Read(GB)  Rn(GB) Rnp1(GB) Write(GB) Wnew(GB) Moved(GB) W-Amp Rd(MB/s) Wr(MB/s) Comp(sec) CompMergeCPU(sec) Comp(cnt) Avg(sec) KeyIn KeyDrop Rblob(GB) Wblob(GB)
---------------------------------------------------------------------------------------------------------------------------------------------------------------------------------------------------
User      0/0    0.00 KB   0.0      0.0     0.0      0.0       0.0      0.0       0.0   0.0      0.0     69.1      0.00              0.00         1    0.002       0      0       0.0       0.0

Blob file count: 0, total size: 0.0 GB

Uptime(secs): 0.1 total, 0.0 interval
Flush(GB): cumulative 0.000, interval 0.000
AddFile(GB): cumulative 0.000, interval 0.000
AddFile(Total Files): cumulative 0, interval 0
AddFile(L0 Files): cumulative 0, interval 0
AddFile(Keys): cumulative 0, interval 0
Cumulative compaction: 0.00 GB write, 1.97 MB/s write, 0.00 GB read, 0.00 MB/s read, 0.0 seconds
Interval compaction: 0.00 GB write, 0.00 MB/s write, 0.00 GB read, 0.00 MB/s read, 0.0 seconds
Stalls(count): 0 level0_slowdown, 0 level0_slowdown_with_compaction, 0 level0_numfiles, 0 level0_numfiles_with_compaction, 0 stop for pending_compaction_bytes, 0 slowdown for pending_compaction_bytes, 0 memtable_compaction, 0 memtable_slowdown, interval 0 total count

** File Read Latency Histogram By Level [default] **
2021/04/27-18:49:13.763274 70000934c000 [/db_impl/db_impl_write.cc:1771] [default] New memtable created with log file: #600. Immutable memtables: 0.
2021/04/27-18:49:13.763379 70000b4e0000 (Original Log Time 2021/04/27-18:49:13.763353) [/db_impl/db_impl_compaction_flush.cc:2510] Calling FlushMemTableToOutputFile with column family [default], flush slots available 1, compaction slots available 1, flush slots scheduled 1, compaction slots scheduled 0
2021/04/27-18:49:13.763383 70000b4e0000 [/flush_job.cc:341] [default] [JOB 3] Flushing memtable with next log file: 600
2021/04/27-18:49:13.763396 70000b4e0000 EVENT_LOG_v1 {"time_micros": 1619520553763388, "job": 3, "event": "flush_started", "num_memtables": 1, "num_entries": 19821, "num_deletes": 7357, "total_data_size": 64579823, "memory_usage": 65022968, "flush_reason": "Write Buffer Full"}
2021/04/27-18:49:13.763398 70000b4e0000 [/flush_job.cc:370] [default] [JOB 3] Level-0 flush table #601: started
2021/04/27-18:49:13.774029 70000b4e0000 EVENT_LOG_v1 {"time_micros": 1619520553773967, "cf_name": "default", "job": 3, "event": "table_file_creation", "file_number": 601, "file_size": 180704, "file_checksum": "", "file_checksum_func_name": "Unknown", "table_properties": {"data_size": 178728, "index_size": 1068, "index_partitions": 0, "top_level_index_size": 0, "index_key_is_user_key": 1, "index_value_is_delta_encoded": 1, "filter_size": 0, "raw_key_size": 201741, "raw_average_key_size": 27, "raw_value_size": 63934, "raw_average_value_size": 8, "num_data_blocks": 37, "num_entries": 7357, "num_deletions": 3815, "num_merge_operands": 0, "num_range_deletions": 0, "format_version": 0, "fixed_key_len": 0, "filter_policy": "", "column_family_name": "default", "column_family_id": 0, "comparator": "leveldb.BytewiseComparator", "merge_operator": "nullptr", "prefix_extractor_name": "nullptr", "property_collectors": "[]", "compression": "NoCompression", "compression_options": "window_bits=-14; level=32767; strategy=0; max_dict_bytes=0; zstd_max_train_bytes=0; enabled=0; max_dict_buffer_bytes=0; ", "creation_time": 1619520544, "oldest_key_time": 1619520544, "file_creation_time": 1619520553, "db_id": "1676197e78cf36d3-5c4f876739c79dfc", "db_session_id": "I5QEGXDI3P0BJPQ71BXG"}}
2021/04/27-18:49:13.774075 70000b4e0000 [/flush_job.cc:434] [default] [JOB 3] Level-0 flush table #601: 180704 bytes OK
2021/04/27-18:49:13.774514 70000b4e0000 (Original Log Time 2021/04/27-18:49:13.774097) [/memtable_list.cc:451] [default] Level-0 commit table #601 started
2021/04/27-18:49:13.774518 70000b4e0000 (Original Log Time 2021/04/27-18:49:13.774358) [/memtable_list.cc:632] [default] Level-0 commit table #601: memtable #1 done
2021/04/27-18:49:13.774520 70000b4e0000 (Original Log Time 2021/04/27-18:49:13.774397) EVENT_LOG_v1 {"time_micros": 1619520553774379, "job": 3, "event": "flush_finished", "output_compression": "NoCompression", "lsm_state": [2, 1, 0, 0, 0, 0, 0], "immutable_memtables": 0}
2021/04/27-18:49:13.774522 70000b4e0000 (Original Log Time 2021/04/27-18:49:13.774446) [/db_impl/db_impl_compaction_flush.cc:234] [default] Level summary: files[2 1 0 0 0 0 0] max score 0.50
2021/04/27-18:49:13.774531 70000b4e0000 [/db_impl/db_impl_files.cc:422] [JOB 3] Try to delete WAL files size 64671565, prev total WAL file size 66745189, number of live WAL files 2.
2021/04/27-18:49:13.782642 70000b4e0000 [le/delete_scheduler.cc:77] Deleted file db/000597.log immediately, rate_bytes_per_sec 0, total_trash_size 0 max_trash_db_ratio 0.250000
2021/04/27-18:49:13.782670 70000b4e0000 [DEBUG] [/db_impl/db_impl_files.cc:337] [JOB 3] Delete db/000597.log type=0 #597 -- OK
2021/04/27-18:49:15.170704 70000934c000 [/db_impl/db_impl_write.cc:1771] [default] New memtable created with log file: #602. Immutable memtables: 0.
2021/04/27-18:49:15.170788 70000b4e0000 (Original Log Time 2021/04/27-18:49:15.170770) [/db_impl/db_impl_compaction_flush.cc:2510] Calling FlushMemTableToOutputFile with column family [default], flush slots available 1, compaction slots available 1, flush slots scheduled 1, compaction slots scheduled 0
2021/04/27-18:49:15.170792 70000b4e0000 [/flush_job.cc:341] [default] [JOB 4] Flushing memtable with next log file: 602
2021/04/27-18:49:15.170814 70000b4e0000 EVENT_LOG_v1 {"time_micros": 1619520555170802, "job": 4, "event": "flush_started", "num_memtables": 1, "num_entries": 3379, "num_deletes": 0, "total_data_size": 64833012, "memory_usage": 65018016, "flush_reason": "Write Buffer Full"}
2021/04/27-18:49:15.170817 70000b4e0000 [/flush_job.cc:370] [default] [JOB 4] Level-0 flush table #603: started
2021/04/27-18:49:15.173784 70000b4e0000 EVENT_LOG_v1 {"time_micros": 1619520555173740, "cf_name": "default", "job": 4, "event": "table_file_creation", "file_number": 603, "file_size": 75721, "file_checksum": "", "file_checksum_func_name": "Unknown", "table_properties": {"data_size": 74622, "index_size": 192, "index_partitions": 0, "top_level_index_size": 0, "index_key_is_user_key": 1, "index_value_is_delta_encoded": 1, "filter_size": 0, "raw_key_size": 21149, "raw_average_key_size": 25, "raw_value_size": 62286, "raw_average_value_size": 76, "num_data_blocks": 8, "num_entries": 819, "num_deletions": 0, "num_merge_operands": 0, "num_range_deletions": 0, "format_version": 0, "fixed_key_len": 0, "filter_policy": "", "column_family_name": "default", "column_family_id": 0, "comparator": "leveldb.BytewiseComparator", "merge_operator": "nullptr", "prefix_extractor_name": "nullptr", "property_collectors": "[]", "compression": "NoCompression", "compression_options": "window_bits=-14; level=32767; strategy=0; max_dict_bytes=0; zstd_max_train_bytes=0; enabled=0; max_dict_buffer_bytes=0; ", "creation_time": 1619520553, "oldest_key_time": 1619520553, "file_creation_time": 1619520555, "db_id": "1676197e78cf36d3-5c4f876739c79dfc", "db_session_id": "I5QEGXDI3P0BJPQ71BXG"}}
2021/04/27-18:49:15.173845 70000b4e0000 [/flush_job.cc:434] [default] [JOB 4] Level-0 flush table #603: 75721 bytes OK
2021/04/27-18:49:15.174248 70000b4e0000 (Original Log Time 2021/04/27-18:49:15.173867) [/memtable_list.cc:451] [default] Level-0 commit table #603 started
2021/04/27-18:49:15.174251 70000b4e0000 (Original Log Time 2021/04/27-18:49:15.174131) [/memtable_list.cc:632] [default] Level-0 commit table #603: memtable #1 done
2021/04/27-18:49:15.174252 70000b4e0000 (Original Log Time 2021/04/27-18:49:15.174156) EVENT_LOG_v1 {"time_micros": 1619520555174145, "job": 4, "event": "flush_finished", "output_compression": "NoCompression", "lsm_state": [3, 1, 0, 0, 0, 0, 0], "immutable_memtables": 0}
2021/04/27-18:49:15.174255 70000b4e0000 (Original Log Time 2021/04/27-18:49:15.174196) [/db_impl/db_impl_compaction_flush.cc:234] [default] Level summary: files[3 1 0 0 0 0 0] max score 0.75
2021/04/27-18:49:15.174264 70000b4e0000 [/db_impl/db_impl_files.cc:422] [JOB 4] Try to delete WAL files size 64849907, prev total WAL file size 65362331, number of live WAL files 2.
2021/04/27-18:49:15.187391 70000b4e0000 [le/delete_scheduler.cc:77] Deleted file db/000600.log immediately, rate_bytes_per_sec 0, total_trash_size 0 max_trash_db_ratio 0.250000
2021/04/27-18:49:15.187411 70000b4e0000 [DEBUG] [/db_impl/db_impl_files.cc:337] [JOB 4] Delete db/000600.log type=0 #600 -- OK
2021/04/27-18:49:16.666887 70000934c000 [/db_impl/db_impl_write.cc:1771] [default] New memtable created with log file: #604. Immutable memtables: 0.
2021/04/27-18:49:16.666956 70000b4e0000 (Original Log Time 2021/04/27-18:49:16.666946) [/db_impl/db_impl_compaction_flush.cc:2510] Calling FlushMemTableToOutputFile with column family [default], flush slots available 1, compaction slots available 1, flush slots scheduled 1, compaction slots scheduled 0
2021/04/27-18:49:16.666958 70000b4e0000 [/flush_job.cc:341] [default] [JOB 5] Flushing memtable with next log file: 604
2021/04/27-18:49:16.666972 70000b4e0000 EVENT_LOG_v1 {"time_micros": 1619520556666965, "job": 5, "event": "flush_started", "num_memtables": 1, "num_entries": 4583, "num_deletes": 0, "total_data_size": 64782387, "memory_usage": 65054984, "flush_reason": "Write Buffer Full"}
2021/04/27-18:49:16.666974 70000b4e0000 [/flush_job.cc:370] [default] [JOB 5] Level-0 flush table #605: started
2021/04/27-18:49:16.669423 70000b4e0000 EVENT_LOG_v1 {"time_micros": 1619520556669384, "cf_name": "default", "job": 5, "event": "table_file_creation", "file_number": 605, "file_size": 114227, "file_checksum": "", "file_checksum_func_name": "Unknown", "table_properties": {"data_size": 112928, "index_size": 392, "index_partitions": 0, "top_level_index_size": 0, "index_key_is_user_key": 1, "index_value_is_delta_encoded": 1, "filter_size": 0, "raw_key_size": 51628, "raw_average_key_size": 28, "raw_value_size": 82795, "raw_average_value_size": 45, "num_data_blocks": 15, "num_entries": 1831, "num_deletions": 0, "num_merge_operands": 0, "num_range_deletions": 0, "format_version": 0, "fixed_key_len": 0, "filter_policy": "", "column_family_name": "default", "column_family_id": 0, "comparator": "leveldb.BytewiseComparator", "merge_operator": "nullptr", "prefix_extractor_name": "nullptr", "property_collectors": "[]", "compression": "NoCompression", "compression_options": "window_bits=-14; level=32767; strategy=0; max_dict_bytes=0; zstd_max_train_bytes=0; enabled=0; max_dict_buffer_bytes=0; ", "creation_time": 1619520555, "oldest_key_time": 1619520555, "file_creation_time": 1619520556, "db_id": "1676197e78cf36d3-5c4f876739c79dfc", "db_session_id": "I5QEGXDI3P0BJPQ71BXG"}}
2021/04/27-18:49:16.669475 70000b4e0000 [/flush_job.cc:434] [default] [JOB 5] Level-0 flush table #605: 114227 bytes OK
2021/04/27-18:49:16.669836 70000b4e0000 (Original Log Time 2021/04/27-18:49:16.669497) [/memtable_list.cc:451] [default] Level-0 commit table #605 started
2021/04/27-18:49:16.669839 70000b4e0000 (Original Log Time 2021/04/27-18:49:16.669725) [/memtable_list.cc:632] [default] Level-0 commit table #605: memtable #1 done
2021/04/27-18:49:16.669841 70000b4e0000 (Original Log Time 2021/04/27-18:49:16.669750) EVENT_LOG_v1 {"time_micros": 1619520556669737, "job": 5, "event": "flush_finished", "output_compression": "NoCompression", "lsm_state": [4, 1, 0, 0, 0, 0, 0], "immutable_memtables": 0}
2021/04/27-18:49:16.669843 70000b4e0000 (Original Log Time 2021/04/27-18:49:16.669800) [/db_impl/db_impl_compaction_flush.cc:234] [default] Level summary: files[4 1 0 0 0 0 0] max score 1.00
2021/04/27-18:49:16.669850 70000b4e0000 [/db_impl/db_impl_files.cc:422] [JOB 5] Try to delete WAL files size 64805302, prev total WAL file size 65598333, number of live WAL files 2.
2021/04/27-18:49:16.669924 70000b45d000 [/compaction/compaction_job.cc:1913] [default] [JOB 6] Compacting 4@0 + 1@1 files to L1, score 1.00
2021/04/27-18:49:16.669932 70000b45d000 [/compaction/compaction_job.cc:1917] [default] Compaction start summary: Base version 6 Base level 0, inputs: [605(111KB) 603(73KB) 601(176KB) 595(120KB)], [592(263KB)]
2021/04/27-18:49:16.669962 70000b45d000 EVENT_LOG_v1 {"time_micros": 1619520556669936, "job": 6, "event": "compaction_started", "compaction_reason": "LevelL0FilesNum", "files_L0": [605, 603, 601, 595], "files_L1": [592], "score": 1, "input_data_size": 763395}
2021/04/27-18:49:16.680222 70000b4e0000 [le/delete_scheduler.cc:77] Deleted file db/000602.log immediately, rate_bytes_per_sec 0, total_trash_size 0 max_trash_db_ratio 0.250000
2021/04/27-18:49:16.680246 70000b4e0000 [DEBUG] [/db_impl/db_impl_files.cc:337] [JOB 5] Delete db/000602.log type=0 #602 -- OK
2021/04/27-18:49:16.681650 70000b45d000 [/compaction/compaction_job.cc:1543] [default] [JOB 6] Generated table #606: 5358 keys, 193366 bytes
